0.0	0.0
0.0033783783783783786	0.4036144578313253
0.006756756756756757	0.46987951807228917
0.010135135135135136	0.5120481927710844
0.010135135135135136	0.5542168674698795
0.010135135135135136	0.5783132530120482
0.02027027027027027	0.5903614457831325
0.02027027027027027	0.608433734939759
0.02702702702702703	0.6325301204819277
0.02702702702702703	0.6445783132530121
0.02702702702702703	0.6686746987951807
0.030405405405405407	0.6807228915662651
0.033783783783783786	0.6927710843373494
0.033783783783783786	0.7168674698795181
0.033783783783783786	0.7228915662650602
0.033783783783783786	0.7349397590361446
0.033783783783783786	0.7650602409638554
0.033783783783783786	0.7710843373493976
0.033783783783783786	0.7771084337349398
0.033783783783783786	0.8012048192771084
0.033783783783783786	0.8253012048192772
0.033783783783783786	0.8373493975903614
0.033783783783783786	0.8433734939759037
0.037162162162162164	0.8614457831325302
0.04391891891891892	0.8734939759036144
0.05067567567567568	0.8795180722891566
0.057432432432432436	0.8975903614457831
0.060810810810810814	0.9216867469879518
0.07094594594594594	0.927710843373494
0.07432432432432433	0.927710843373494
0.08445945945945946	0.927710843373494
0.09121621621621621	0.9337349397590361
0.10135135135135136	0.9457831325301205
0.10810810810810811	0.9518072289156626
0.11824324324324324	0.963855421686747
0.12162162162162163	0.9698795180722891
0.12837837837837837	0.9698795180722891
0.13851351351351351	0.9698795180722891
0.1554054054054054	0.9759036144578314
0.17229729729729729	0.9879518072289156
0.18243243243243243	0.9939759036144579
0.24662162162162163	1.0
0.2702702702702703	1.0
0.2972972972972973	1.0
0.32432432432432434	1.0
