0.0	0.0
0.0	0.17204301075268819
0.0	0.1989247311827957
0.0	0.20967741935483872
0.0	0.24193548387096775
0.0	0.26344086021505375
0.0036231884057971015	0.27419354838709675
0.0036231884057971015	0.2849462365591398
0.0036231884057971015	0.3225806451612903
0.0036231884057971015	0.3279569892473118
0.0036231884057971015	0.34408602150537637
0.0036231884057971015	0.34946236559139787
0.0036231884057971015	0.34946236559139787
0.0036231884057971015	0.34946236559139787
0.0036231884057971015	0.3602150537634409
0.0036231884057971015	0.3763440860215054
0.0036231884057971015	0.3763440860215054
0.0036231884057971015	0.3763440860215054
0.0036231884057971015	0.3763440860215054
0.0036231884057971015	0.3817204301075269
0.0036231884057971015	0.3870967741935484
0.0036231884057971015	0.3870967741935484
0.0036231884057971015	0.3870967741935484
0.0036231884057971015	0.4032258064516129
0.0036231884057971015	0.40860215053763443
0.0036231884057971015	0.40860215053763443
0.0036231884057971015	0.42473118279569894
0.0036231884057971015	0.43010752688172044
0.0036231884057971015	0.43010752688172044
0.0036231884057971015	0.43010752688172044
0.0036231884057971015	0.43010752688172044
0.0036231884057971015	0.44086021505376344
0.0036231884057971015	0.44086021505376344
0.0036231884057971015	0.44086021505376344
0.0036231884057971015	0.44086021505376344
0.0036231884057971015	0.44086021505376344
0.0036231884057971015	0.44086021505376344
0.0036231884057971015	0.44086021505376344
0.0036231884057971015	0.44086021505376344
0.0036231884057971015	0.44086021505376344
0.0036231884057971015	0.44086021505376344
0.0036231884057971015	0.44623655913978494
0.0036231884057971015	0.44623655913978494
0.0036231884057971015	0.44623655913978494
0.0036231884057971015	0.44623655913978494
0.007246376811594203	0.45161290322580644
0.007246376811594203	0.45161290322580644
0.007246376811594203	0.45161290322580644
0.007246376811594203	0.45698924731182794
0.007246376811594203	0.45698924731182794
0.007246376811594203	0.45698924731182794
0.007246376811594203	0.45698924731182794
0.007246376811594203	0.45698924731182794
0.007246376811594203	0.45698924731182794
0.007246376811594203	0.46236559139784944
0.007246376811594203	0.46236559139784944
0.007246376811594203	0.46236559139784944
0.007246376811594203	0.46774193548387094
0.007246376811594203	0.46774193548387094
0.007246376811594203	0.46774193548387094
0.007246376811594203	0.4731182795698925
0.007246376811594203	0.478494623655914
0.007246376811594203	0.478494623655914
0.007246376811594203	0.478494623655914
0.007246376811594203	0.478494623655914
0.007246376811594203	0.478494623655914
0.007246376811594203	0.4838709677419355
0.007246376811594203	0.4838709677419355
0.007246376811594203	0.4838709677419355
0.007246376811594203	0.4838709677419355
0.007246376811594203	0.5
0.007246376811594203	0.5053763440860215
0.007246376811594203	0.5053763440860215
0.007246376811594203	0.5053763440860215
0.007246376811594203	0.5053763440860215
0.007246376811594203	0.5053763440860215
0.007246376811594203	0.5053763440860215
0.007246376811594203	0.5053763440860215
0.007246376811594203	0.510752688172043
0.007246376811594203	0.5161290322580645
0.007246376811594203	0.5161290322580645
0.007246376811594203	0.521505376344086
0.007246376811594203	0.521505376344086
0.007246376811594203	0.521505376344086
0.007246376811594203	0.521505376344086
0.007246376811594203	0.521505376344086
0.007246376811594203	0.521505376344086
0.007246376811594203	0.521505376344086
0.007246376811594203	0.521505376344086
0.007246376811594203	0.521505376344086
0.007246376811594203	0.521505376344086
0.007246376811594203	0.521505376344086
0.007246376811594203	0.521505376344086
0.007246376811594203	0.521505376344086
0.007246376811594203	0.521505376344086
0.007246376811594203	0.521505376344086
0.007246376811594203	0.521505376344086
0.007246376811594203	0.521505376344086
0.007246376811594203	0.521505376344086
0.007246376811594203	0.521505376344086
0.007246376811594203	0.521505376344086
0.007246376811594203	0.521505376344086
0.010869565217391304	0.5268817204301075
0.010869565217391304	0.5268817204301075
0.010869565217391304	0.5268817204301075
0.010869565217391304	0.5268817204301075
0.010869565217391304	0.532258064516129
0.010869565217391304	0.532258064516129
0.010869565217391304	0.5376344086021505
0.010869565217391304	0.5376344086021505
0.010869565217391304	0.543010752688172
0.010869565217391304	0.5483870967741935
0.010869565217391304	0.553763440860215
0.010869565217391304	0.553763440860215
0.010869565217391304	0.5591397849462365
0.010869565217391304	0.5591397849462365
0.010869565217391304	0.5591397849462365
0.010869565217391304	0.5591397849462365
0.010869565217391304	0.5591397849462365
0.010869565217391304	0.5645161290322581
0.010869565217391304	0.5645161290322581
0.010869565217391304	0.5645161290322581
0.010869565217391304	0.5645161290322581
0.010869565217391304	0.5645161290322581
0.010869565217391304	0.5645161290322581
0.010869565217391304	0.5645161290322581
0.010869565217391304	0.5752688172043011
0.010869565217391304	0.5752688172043011
0.010869565217391304	0.5752688172043011
0.010869565217391304	0.5752688172043011
0.010869565217391304	0.5806451612903226
0.010869565217391304	0.5860215053763441
0.010869565217391304	0.5913978494623656
0.010869565217391304	0.5913978494623656
0.010869565217391304	0.5913978494623656
0.010869565217391304	0.5967741935483871
0.010869565217391304	0.5967741935483871
0.010869565217391304	0.5967741935483871
0.010869565217391304	0.5967741935483871
0.010869565217391304	0.5967741935483871
0.010869565217391304	0.5967741935483871
0.010869565217391304	0.5967741935483871
0.010869565217391304	0.5967741935483871
0.010869565217391304	0.5967741935483871
0.010869565217391304	0.5967741935483871
0.010869565217391304	0.5967741935483871
0.010869565217391304	0.5967741935483871
0.010869565217391304	0.5967741935483871
0.010869565217391304	0.5967741935483871
0.010869565217391304	0.5967741935483871
0.010869565217391304	0.5967741935483871
0.010869565217391304	0.5967741935483871
0.010869565217391304	0.5967741935483871
0.010869565217391304	0.5967741935483871
0.010869565217391304	0.5967741935483871
0.010869565217391304	0.5967741935483871
0.010869565217391304	0.5967741935483871
0.010869565217391304	0.5967741935483871
0.010869565217391304	0.5967741935483871
0.010869565217391304	0.5967741935483871
0.010869565217391304	0.5967741935483871
0.010869565217391304	0.5967741935483871
0.010869565217391304	0.5967741935483871
0.010869565217391304	0.5967741935483871
0.010869565217391304	0.5967741935483871
0.010869565217391304	0.5967741935483871
0.010869565217391304	0.5967741935483871
0.010869565217391304	0.5967741935483871
0.010869565217391304	0.5967741935483871
0.010869565217391304	0.5967741935483871
0.010869565217391304	0.5967741935483871
0.010869565217391304	0.5967741935483871
0.010869565217391304	0.5967741935483871
0.010869565217391304	0.5967741935483871
0.010869565217391304	0.5967741935483871
0.010869565217391304	0.5967741935483871
0.010869565217391304	0.5967741935483871
0.010869565217391304	0.5967741935483871
0.010869565217391304	0.5967741935483871
0.010869565217391304	0.5967741935483871
0.010869565217391304	0.5967741935483871
0.010869565217391304	0.5967741935483871
0.010869565217391304	0.5967741935483871
0.010869565217391304	0.5967741935483871
0.010869565217391304	0.5967741935483871
0.010869565217391304	0.5967741935483871
0.010869565217391304	0.5967741935483871
0.010869565217391304	0.5967741935483871
0.010869565217391304	0.5967741935483871
0.010869565217391304	0.5967741935483871
0.010869565217391304	0.5967741935483871
0.010869565217391304	0.5967741935483871
0.010869565217391304	0.6075268817204301
0.010869565217391304	0.6075268817204301
0.010869565217391304	0.6075268817204301
0.010869565217391304	0.6075268817204301
0.010869565217391304	0.6075268817204301
0.010869565217391304	0.6129032258064516
0.010869565217391304	0.6129032258064516
0.010869565217391304	0.6129032258064516
0.010869565217391304	0.6129032258064516
0.010869565217391304	0.6129032258064516
0.010869565217391304	0.6129032258064516
0.010869565217391304	0.6236559139784946
0.010869565217391304	0.6236559139784946
0.010869565217391304	0.6236559139784946
0.010869565217391304	0.6236559139784946
0.010869565217391304	0.6290322580645161
0.010869565217391304	0.6290322580645161
0.010869565217391304	0.6344086021505376
0.010869565217391304	0.6344086021505376
0.010869565217391304	0.6344086021505376
0.010869565217391304	0.6344086021505376
0.010869565217391304	0.6344086021505376
0.010869565217391304	0.6344086021505376
0.010869565217391304	0.6344086021505376
0.010869565217391304	0.6344086021505376
0.010869565217391304	0.6344086021505376
0.010869565217391304	0.6397849462365591
0.010869565217391304	0.6397849462365591
0.010869565217391304	0.6397849462365591
0.010869565217391304	0.6397849462365591
0.010869565217391304	0.6397849462365591
0.010869565217391304	0.6397849462365591
0.010869565217391304	0.6451612903225806
0.010869565217391304	0.6451612903225806
0.010869565217391304	0.6451612903225806
0.010869565217391304	0.6451612903225806
0.010869565217391304	0.6451612903225806
0.010869565217391304	0.6451612903225806
0.010869565217391304	0.6451612903225806
0.010869565217391304	0.6505376344086021
0.010869565217391304	0.6505376344086021
0.010869565217391304	0.6505376344086021
0.010869565217391304	0.6505376344086021
0.010869565217391304	0.6505376344086021
0.010869565217391304	0.6505376344086021
0.010869565217391304	0.6505376344086021
0.010869565217391304	0.6505376344086021
0.010869565217391304	0.6505376344086021
0.010869565217391304	0.6505376344086021
0.010869565217391304	0.6505376344086021
0.010869565217391304	0.6505376344086021
0.010869565217391304	0.6559139784946236
0.010869565217391304	0.6559139784946236
0.010869565217391304	0.6559139784946236
0.010869565217391304	0.6559139784946236
0.010869565217391304	0.6559139784946236
0.010869565217391304	0.6559139784946236
0.010869565217391304	0.6612903225806451
0.010869565217391304	0.6612903225806451
0.010869565217391304	0.6612903225806451
0.010869565217391304	0.6612903225806451
0.010869565217391304	0.6612903225806451
0.010869565217391304	0.6612903225806451
0.010869565217391304	0.6666666666666666
0.010869565217391304	0.6666666666666666
0.010869565217391304	0.6666666666666666
0.010869565217391304	0.6666666666666666
0.010869565217391304	0.6666666666666666
0.010869565217391304	0.6666666666666666
0.010869565217391304	0.6666666666666666
0.010869565217391304	0.6666666666666666
0.010869565217391304	0.6666666666666666
0.010869565217391304	0.6666666666666666
0.010869565217391304	0.6666666666666666
0.010869565217391304	0.6666666666666666
0.010869565217391304	0.6666666666666666
0.010869565217391304	0.6666666666666666
0.010869565217391304	0.6666666666666666
0.010869565217391304	0.6666666666666666
0.010869565217391304	0.6666666666666666
0.010869565217391304	0.6666666666666666
0.010869565217391304	0.6666666666666666
0.010869565217391304	0.6666666666666666
0.010869565217391304	0.6666666666666666
0.010869565217391304	0.6666666666666666
0.010869565217391304	0.6666666666666666
0.010869565217391304	0.6666666666666666
0.010869565217391304	0.6666666666666666
0.010869565217391304	0.6666666666666666
0.010869565217391304	0.6666666666666666
0.010869565217391304	0.6666666666666666
0.010869565217391304	0.6666666666666666
0.010869565217391304	0.6720430107526881
0.010869565217391304	0.6720430107526881
0.010869565217391304	0.6774193548387096
0.010869565217391304	0.6774193548387096
0.010869565217391304	0.6774193548387096
0.010869565217391304	0.6774193548387096
0.010869565217391304	0.6774193548387096
0.010869565217391304	0.6774193548387096
0.010869565217391304	0.6774193548387096
0.010869565217391304	0.6774193548387096
0.010869565217391304	0.6827956989247311
0.010869565217391304	0.6935483870967742
0.010869565217391304	0.6935483870967742
0.010869565217391304	0.6935483870967742
0.010869565217391304	0.6935483870967742
0.010869565217391304	0.6935483870967742
0.010869565217391304	0.6935483870967742
0.010869565217391304	0.6935483870967742
0.010869565217391304	0.6935483870967742
0.010869565217391304	0.6935483870967742
0.010869565217391304	0.6935483870967742
0.010869565217391304	0.6989247311827957
0.010869565217391304	0.6989247311827957
0.010869565217391304	0.6989247311827957
0.010869565217391304	0.7043010752688172
0.010869565217391304	0.7043010752688172
0.010869565217391304	0.7043010752688172
0.010869565217391304	0.7043010752688172
0.010869565217391304	0.7043010752688172
0.010869565217391304	0.7096774193548387
0.010869565217391304	0.7096774193548387
0.010869565217391304	0.7096774193548387
0.010869565217391304	0.7096774193548387
0.010869565217391304	0.7096774193548387
0.010869565217391304	0.7096774193548387
0.010869565217391304	0.7096774193548387
0.010869565217391304	0.7096774193548387
0.010869565217391304	0.7096774193548387
0.010869565217391304	0.7150537634408602
0.010869565217391304	0.7150537634408602
0.010869565217391304	0.7150537634408602
0.014492753623188406	0.7150537634408602
0.014492753623188406	0.7150537634408602
0.014492753623188406	0.7150537634408602
0.014492753623188406	0.7204301075268817
0.014492753623188406	0.7204301075268817
0.014492753623188406	0.7204301075268817
0.014492753623188406	0.7204301075268817
0.014492753623188406	0.7204301075268817
0.014492753623188406	0.7204301075268817
0.014492753623188406	0.7204301075268817
0.014492753623188406	0.7204301075268817
0.014492753623188406	0.7204301075268817
0.014492753623188406	0.7204301075268817
0.014492753623188406	0.7204301075268817
0.014492753623188406	0.7204301075268817
0.014492753623188406	0.7204301075268817
0.014492753623188406	0.7204301075268817
0.014492753623188406	0.7204301075268817
0.014492753623188406	0.7204301075268817
0.014492753623188406	0.7204301075268817
0.014492753623188406	0.7204301075268817
0.014492753623188406	0.7204301075268817
0.014492753623188406	0.7204301075268817
0.014492753623188406	0.7204301075268817
0.014492753623188406	0.7204301075268817
0.014492753623188406	0.7258064516129032
0.018115942028985508	0.7258064516129032
0.018115942028985508	0.7258064516129032
0.018115942028985508	0.7258064516129032
0.018115942028985508	0.7258064516129032
0.018115942028985508	0.7311827956989247
0.018115942028985508	0.7311827956989247
0.018115942028985508	0.7311827956989247
0.018115942028985508	0.7311827956989247
0.018115942028985508	0.7311827956989247
0.018115942028985508	0.7311827956989247
0.018115942028985508	0.7311827956989247
0.018115942028985508	0.7311827956989247
0.018115942028985508	0.7311827956989247
0.018115942028985508	0.7311827956989247
0.018115942028985508	0.7365591397849462
0.018115942028985508	0.7365591397849462
0.018115942028985508	0.7365591397849462
0.018115942028985508	0.7365591397849462
0.018115942028985508	0.7365591397849462
0.018115942028985508	0.7365591397849462
0.018115942028985508	0.7365591397849462
0.018115942028985508	0.7365591397849462
0.018115942028985508	0.7365591397849462
0.018115942028985508	0.7365591397849462
0.018115942028985508	0.7365591397849462
0.018115942028985508	0.7365591397849462
0.018115942028985508	0.7365591397849462
0.018115942028985508	0.7365591397849462
0.018115942028985508	0.7365591397849462
0.018115942028985508	0.7365591397849462
0.018115942028985508	0.7365591397849462
0.018115942028985508	0.7365591397849462
0.018115942028985508	0.7365591397849462
0.018115942028985508	0.7365591397849462
0.018115942028985508	0.7365591397849462
0.018115942028985508	0.7365591397849462
0.018115942028985508	0.7365591397849462
0.018115942028985508	0.7365591397849462
0.018115942028985508	0.7365591397849462
0.018115942028985508	0.7365591397849462
0.018115942028985508	0.7365591397849462
0.018115942028985508	0.7365591397849462
0.018115942028985508	0.7365591397849462
0.018115942028985508	0.7365591397849462
0.018115942028985508	0.7365591397849462
0.018115942028985508	0.7365591397849462
0.018115942028985508	0.7365591397849462
0.018115942028985508	0.7365591397849462
0.018115942028985508	0.7365591397849462
0.018115942028985508	0.7365591397849462
0.018115942028985508	0.7419354838709677
0.018115942028985508	0.7419354838709677
0.018115942028985508	0.7419354838709677
0.018115942028985508	0.7419354838709677
0.021739130434782608	0.7419354838709677
0.021739130434782608	0.7419354838709677
0.021739130434782608	0.7419354838709677
0.021739130434782608	0.7419354838709677
0.021739130434782608	0.7473118279569892
0.021739130434782608	0.7473118279569892
0.021739130434782608	0.7526881720430108
0.021739130434782608	0.7526881720430108
0.021739130434782608	0.7526881720430108
0.021739130434782608	0.7526881720430108
0.021739130434782608	0.7526881720430108
0.021739130434782608	0.7526881720430108
0.025362318840579712	0.7526881720430108
0.025362318840579712	0.7580645161290323
0.025362318840579712	0.7580645161290323
0.025362318840579712	0.7634408602150538
0.025362318840579712	0.7634408602150538
0.025362318840579712	0.7634408602150538
0.025362318840579712	0.7634408602150538
0.025362318840579712	0.7634408602150538
0.025362318840579712	0.7634408602150538
0.025362318840579712	0.7634408602150538
0.025362318840579712	0.7634408602150538
0.025362318840579712	0.7634408602150538
0.025362318840579712	0.7634408602150538
0.025362318840579712	0.7634408602150538
0.025362318840579712	0.7634408602150538
0.025362318840579712	0.7634408602150538
0.025362318840579712	0.7634408602150538
0.025362318840579712	0.7634408602150538
0.025362318840579712	0.7634408602150538
0.025362318840579712	0.7634408602150538
0.025362318840579712	0.7634408602150538
0.025362318840579712	0.7634408602150538
0.025362318840579712	0.7634408602150538
0.025362318840579712	0.7634408602150538
0.025362318840579712	0.7634408602150538
0.025362318840579712	0.7634408602150538
0.025362318840579712	0.7634408602150538
0.025362318840579712	0.7634408602150538
0.025362318840579712	0.7634408602150538
0.025362318840579712	0.7634408602150538
0.025362318840579712	0.7634408602150538
0.025362318840579712	0.7634408602150538
0.025362318840579712	0.7634408602150538
0.025362318840579712	0.7634408602150538
0.025362318840579712	0.7634408602150538
0.025362318840579712	0.7634408602150538
0.025362318840579712	0.7634408602150538
0.025362318840579712	0.7634408602150538
0.025362318840579712	0.7688172043010753
0.025362318840579712	0.7688172043010753
0.025362318840579712	0.7688172043010753
0.025362318840579712	0.7688172043010753
0.025362318840579712	0.7688172043010753
0.025362318840579712	0.7688172043010753
0.025362318840579712	0.7688172043010753
0.025362318840579712	0.7688172043010753
0.025362318840579712	0.7688172043010753
0.025362318840579712	0.7688172043010753
0.025362318840579712	0.7688172043010753
0.025362318840579712	0.7688172043010753
0.025362318840579712	0.7688172043010753
0.025362318840579712	0.7688172043010753
0.025362318840579712	0.7688172043010753
0.025362318840579712	0.7688172043010753
0.025362318840579712	0.7688172043010753
0.025362318840579712	0.7688172043010753
0.025362318840579712	0.7688172043010753
0.025362318840579712	0.7688172043010753
0.025362318840579712	0.7741935483870968
0.025362318840579712	0.7741935483870968
0.025362318840579712	0.7741935483870968
0.025362318840579712	0.7741935483870968
0.025362318840579712	0.7741935483870968
0.025362318840579712	0.7741935483870968
0.025362318840579712	0.7795698924731183
0.025362318840579712	0.7795698924731183
0.025362318840579712	0.7795698924731183
0.025362318840579712	0.7795698924731183
0.025362318840579712	0.7795698924731183
0.025362318840579712	0.7795698924731183
0.025362318840579712	0.7795698924731183
0.025362318840579712	0.7795698924731183
0.025362318840579712	0.7795698924731183
0.025362318840579712	0.7795698924731183
0.025362318840579712	0.7795698924731183
0.025362318840579712	0.7795698924731183
0.025362318840579712	0.7795698924731183
0.025362318840579712	0.7849462365591398
0.025362318840579712	0.7849462365591398
0.025362318840579712	0.7849462365591398
0.025362318840579712	0.7849462365591398
0.025362318840579712	0.7849462365591398
0.025362318840579712	0.7849462365591398
0.025362318840579712	0.7849462365591398
0.025362318840579712	0.7849462365591398
0.025362318840579712	0.7849462365591398
0.025362318840579712	0.7849462365591398
0.025362318840579712	0.7849462365591398
0.025362318840579712	0.7849462365591398
0.025362318840579712	0.7849462365591398
0.025362318840579712	0.7849462365591398
0.025362318840579712	0.7849462365591398
0.025362318840579712	0.7849462365591398
0.025362318840579712	0.7849462365591398
0.025362318840579712	0.7849462365591398
0.025362318840579712	0.7849462365591398
0.025362318840579712	0.7849462365591398
0.025362318840579712	0.7849462365591398
0.025362318840579712	0.7849462365591398
0.025362318840579712	0.7849462365591398
0.025362318840579712	0.7849462365591398
0.025362318840579712	0.7849462365591398
0.025362318840579712	0.7849462365591398
0.025362318840579712	0.7849462365591398
0.025362318840579712	0.7849462365591398
0.025362318840579712	0.7849462365591398
0.025362318840579712	0.7849462365591398
0.025362318840579712	0.7903225806451613
0.025362318840579712	0.7903225806451613
0.025362318840579712	0.7903225806451613
0.025362318840579712	0.7903225806451613
0.025362318840579712	0.7903225806451613
0.025362318840579712	0.7956989247311828
0.025362318840579712	0.7956989247311828
0.025362318840579712	0.7956989247311828
0.025362318840579712	0.7956989247311828
0.025362318840579712	0.7956989247311828
0.025362318840579712	0.7956989247311828
0.025362318840579712	0.7956989247311828
0.025362318840579712	0.8010752688172043
0.025362318840579712	0.8010752688172043
0.025362318840579712	0.8010752688172043
0.025362318840579712	0.8010752688172043
0.025362318840579712	0.8010752688172043
0.025362318840579712	0.8010752688172043
0.025362318840579712	0.8010752688172043
0.025362318840579712	0.8010752688172043
0.025362318840579712	0.8010752688172043
0.025362318840579712	0.8010752688172043
0.025362318840579712	0.8010752688172043
0.025362318840579712	0.8010752688172043
0.025362318840579712	0.8010752688172043
0.025362318840579712	0.8010752688172043
0.025362318840579712	0.8010752688172043
0.025362318840579712	0.8010752688172043
0.025362318840579712	0.8010752688172043
0.025362318840579712	0.8010752688172043
0.025362318840579712	0.8010752688172043
0.025362318840579712	0.8010752688172043
0.025362318840579712	0.8010752688172043
0.025362318840579712	0.8010752688172043
0.025362318840579712	0.8010752688172043
0.025362318840579712	0.8010752688172043
0.025362318840579712	0.8010752688172043
0.025362318840579712	0.8010752688172043
0.025362318840579712	0.8010752688172043
0.025362318840579712	0.8010752688172043
0.025362318840579712	0.8010752688172043
0.025362318840579712	0.8010752688172043
0.025362318840579712	0.8010752688172043
0.025362318840579712	0.8010752688172043
0.028985507246376812	0.8010752688172043
0.028985507246376812	0.8010752688172043
0.028985507246376812	0.8064516129032258
0.028985507246376812	0.8064516129032258
0.028985507246376812	0.8064516129032258
0.028985507246376812	0.8064516129032258
0.028985507246376812	0.8064516129032258
0.028985507246376812	0.8064516129032258
0.028985507246376812	0.8064516129032258
0.028985507246376812	0.8064516129032258
0.028985507246376812	0.8064516129032258
0.028985507246376812	0.8064516129032258
0.028985507246376812	0.8064516129032258
0.028985507246376812	0.8064516129032258
0.028985507246376812	0.8064516129032258
0.028985507246376812	0.8064516129032258
0.028985507246376812	0.8064516129032258
0.028985507246376812	0.8064516129032258
0.028985507246376812	0.8064516129032258
0.028985507246376812	0.8064516129032258
0.028985507246376812	0.8064516129032258
0.028985507246376812	0.8118279569892473
0.028985507246376812	0.8118279569892473
0.028985507246376812	0.8118279569892473
0.028985507246376812	0.8118279569892473
0.028985507246376812	0.8118279569892473
0.028985507246376812	0.8118279569892473
0.028985507246376812	0.8118279569892473
0.028985507246376812	0.8118279569892473
0.028985507246376812	0.8118279569892473
0.028985507246376812	0.8118279569892473
0.028985507246376812	0.8118279569892473
0.028985507246376812	0.8118279569892473
0.028985507246376812	0.8118279569892473
0.028985507246376812	0.8118279569892473
0.028985507246376812	0.8118279569892473
0.028985507246376812	0.8118279569892473
0.028985507246376812	0.8118279569892473
0.028985507246376812	0.8118279569892473
0.028985507246376812	0.8118279569892473
0.028985507246376812	0.8118279569892473
0.028985507246376812	0.8118279569892473
0.028985507246376812	0.8118279569892473
0.028985507246376812	0.8118279569892473
0.028985507246376812	0.8118279569892473
0.028985507246376812	0.8118279569892473
0.028985507246376812	0.8118279569892473
0.028985507246376812	0.8118279569892473
0.028985507246376812	0.8118279569892473
0.028985507246376812	0.8118279569892473
0.028985507246376812	0.8118279569892473
0.028985507246376812	0.8118279569892473
0.028985507246376812	0.8118279569892473
0.028985507246376812	0.8118279569892473
0.028985507246376812	0.8118279569892473
0.028985507246376812	0.8118279569892473
0.028985507246376812	0.8118279569892473
0.028985507246376812	0.8118279569892473
0.028985507246376812	0.8118279569892473
0.028985507246376812	0.8118279569892473
0.028985507246376812	0.8118279569892473
0.028985507246376812	0.8118279569892473
0.028985507246376812	0.8118279569892473
0.028985507246376812	0.8118279569892473
0.028985507246376812	0.8118279569892473
0.028985507246376812	0.8118279569892473
0.028985507246376812	0.8118279569892473
0.028985507246376812	0.8118279569892473
0.028985507246376812	0.8118279569892473
0.028985507246376812	0.8118279569892473
0.028985507246376812	0.8118279569892473
0.028985507246376812	0.8118279569892473
0.028985507246376812	0.8118279569892473
0.028985507246376812	0.8118279569892473
0.028985507246376812	0.8118279569892473
0.028985507246376812	0.8118279569892473
0.028985507246376812	0.8118279569892473
0.028985507246376812	0.8118279569892473
0.028985507246376812	0.8118279569892473
0.028985507246376812	0.8118279569892473
0.03260869565217391	0.8118279569892473
0.03260869565217391	0.8118279569892473
0.03260869565217391	0.8172043010752689
0.03260869565217391	0.8172043010752689
0.03260869565217391	0.8172043010752689
0.03260869565217391	0.8172043010752689
0.03260869565217391	0.8172043010752689
0.03260869565217391	0.8172043010752689
0.03260869565217391	0.8172043010752689
0.03260869565217391	0.8225806451612904
0.03260869565217391	0.8225806451612904
0.03260869565217391	0.8225806451612904
0.03260869565217391	0.8225806451612904
0.03260869565217391	0.8225806451612904
0.03260869565217391	0.8225806451612904
0.03260869565217391	0.8225806451612904
0.03260869565217391	0.8225806451612904
0.03260869565217391	0.8225806451612904
0.03260869565217391	0.8225806451612904
0.03260869565217391	0.8279569892473119
0.03260869565217391	0.8279569892473119
0.03260869565217391	0.8279569892473119
0.03260869565217391	0.8279569892473119
0.03260869565217391	0.8279569892473119
0.03260869565217391	0.8279569892473119
0.03260869565217391	0.8279569892473119
0.03260869565217391	0.8279569892473119
0.03260869565217391	0.8279569892473119
0.03260869565217391	0.8279569892473119
0.03260869565217391	0.8279569892473119
0.03260869565217391	0.8333333333333334
0.03260869565217391	0.8333333333333334
0.03260869565217391	0.8333333333333334
0.03260869565217391	0.8333333333333334
0.03260869565217391	0.8333333333333334
0.03260869565217391	0.8333333333333334
0.03260869565217391	0.8333333333333334
0.03260869565217391	0.8333333333333334
0.03260869565217391	0.8333333333333334
0.03260869565217391	0.8333333333333334
0.03260869565217391	0.8333333333333334
0.03260869565217391	0.8333333333333334
0.03260869565217391	0.8333333333333334
0.03260869565217391	0.8333333333333334
0.03260869565217391	0.8333333333333334
0.03260869565217391	0.8333333333333334
0.03260869565217391	0.8333333333333334
0.03260869565217391	0.8333333333333334
0.03260869565217391	0.8333333333333334
0.03260869565217391	0.8333333333333334
0.03260869565217391	0.8333333333333334
0.03260869565217391	0.8333333333333334
0.03260869565217391	0.8333333333333334
0.03260869565217391	0.8333333333333334
0.03260869565217391	0.8387096774193549
0.03260869565217391	0.8387096774193549
0.03260869565217391	0.8387096774193549
0.03260869565217391	0.8387096774193549
0.03260869565217391	0.8387096774193549
0.03260869565217391	0.8387096774193549
0.03260869565217391	0.8387096774193549
0.03260869565217391	0.8387096774193549
0.03260869565217391	0.8387096774193549
0.03260869565217391	0.8387096774193549
0.03260869565217391	0.8387096774193549
0.03260869565217391	0.8387096774193549
0.03260869565217391	0.8387096774193549
0.03260869565217391	0.8387096774193549
0.03260869565217391	0.8387096774193549
0.03260869565217391	0.8387096774193549
0.03260869565217391	0.8387096774193549
0.03260869565217391	0.8387096774193549
0.03260869565217391	0.8387096774193549
0.03260869565217391	0.8387096774193549
0.03260869565217391	0.8387096774193549
0.03260869565217391	0.8387096774193549
0.03260869565217391	0.8387096774193549
0.03260869565217391	0.8387096774193549
0.03260869565217391	0.8387096774193549
0.03260869565217391	0.8387096774193549
0.03260869565217391	0.8387096774193549
0.03260869565217391	0.8387096774193549
0.03260869565217391	0.8387096774193549
0.03260869565217391	0.8387096774193549
0.03260869565217391	0.8387096774193549
0.03260869565217391	0.8387096774193549
0.03260869565217391	0.8387096774193549
0.03260869565217391	0.8440860215053764
0.03260869565217391	0.8440860215053764
0.03260869565217391	0.8440860215053764
0.03260869565217391	0.8440860215053764
0.03260869565217391	0.8440860215053764
0.03260869565217391	0.8440860215053764
0.03260869565217391	0.8440860215053764
0.03260869565217391	0.8440860215053764
0.03260869565217391	0.8440860215053764
0.03260869565217391	0.8440860215053764
0.03260869565217391	0.8440860215053764
0.03260869565217391	0.8440860215053764
0.036231884057971016	0.8440860215053764
0.036231884057971016	0.8440860215053764
0.036231884057971016	0.8440860215053764
0.036231884057971016	0.8494623655913979
0.036231884057971016	0.8494623655913979
0.036231884057971016	0.8494623655913979
0.036231884057971016	0.8494623655913979
0.036231884057971016	0.8494623655913979
0.036231884057971016	0.8494623655913979
0.036231884057971016	0.8494623655913979
0.036231884057971016	0.8494623655913979
0.036231884057971016	0.8548387096774194
0.036231884057971016	0.8548387096774194
0.036231884057971016	0.8548387096774194
0.036231884057971016	0.8548387096774194
0.036231884057971016	0.8548387096774194
0.036231884057971016	0.8548387096774194
0.036231884057971016	0.8548387096774194
0.036231884057971016	0.8548387096774194
0.036231884057971016	0.8548387096774194
0.036231884057971016	0.8548387096774194
0.036231884057971016	0.8548387096774194
0.036231884057971016	0.8548387096774194
0.036231884057971016	0.8548387096774194
0.036231884057971016	0.8548387096774194
0.036231884057971016	0.8548387096774194
0.036231884057971016	0.8548387096774194
0.036231884057971016	0.8548387096774194
0.036231884057971016	0.8548387096774194
0.036231884057971016	0.8548387096774194
0.036231884057971016	0.8548387096774194
0.036231884057971016	0.8548387096774194
0.036231884057971016	0.8548387096774194
0.036231884057971016	0.8548387096774194
0.036231884057971016	0.8548387096774194
0.036231884057971016	0.8548387096774194
0.036231884057971016	0.8548387096774194
0.036231884057971016	0.8548387096774194
0.036231884057971016	0.8548387096774194
0.036231884057971016	0.8548387096774194
0.036231884057971016	0.8548387096774194
0.036231884057971016	0.8548387096774194
0.036231884057971016	0.8548387096774194
0.036231884057971016	0.8548387096774194
0.036231884057971016	0.8548387096774194
0.036231884057971016	0.8548387096774194
0.036231884057971016	0.8548387096774194
0.036231884057971016	0.8548387096774194
0.036231884057971016	0.8548387096774194
0.036231884057971016	0.8548387096774194
0.036231884057971016	0.8548387096774194
0.036231884057971016	0.8548387096774194
0.036231884057971016	0.8548387096774194
0.036231884057971016	0.8548387096774194
0.036231884057971016	0.8548387096774194
0.036231884057971016	0.8548387096774194
0.036231884057971016	0.8548387096774194
0.036231884057971016	0.8548387096774194
0.036231884057971016	0.8548387096774194
0.036231884057971016	0.8548387096774194
0.036231884057971016	0.8548387096774194
0.036231884057971016	0.8548387096774194
0.036231884057971016	0.8548387096774194
0.036231884057971016	0.8548387096774194
0.036231884057971016	0.8548387096774194
0.036231884057971016	0.8548387096774194
0.036231884057971016	0.8548387096774194
0.036231884057971016	0.8548387096774194
0.036231884057971016	0.8548387096774194
0.036231884057971016	0.8548387096774194
0.036231884057971016	0.8548387096774194
0.036231884057971016	0.8548387096774194
0.036231884057971016	0.8548387096774194
0.036231884057971016	0.8548387096774194
0.036231884057971016	0.8548387096774194
0.036231884057971016	0.8548387096774194
0.036231884057971016	0.8548387096774194
0.036231884057971016	0.8548387096774194
0.036231884057971016	0.8548387096774194
0.036231884057971016	0.8548387096774194
0.036231884057971016	0.8548387096774194
0.036231884057971016	0.8548387096774194
0.036231884057971016	0.8548387096774194
0.036231884057971016	0.8548387096774194
0.036231884057971016	0.8548387096774194
0.036231884057971016	0.8548387096774194
0.036231884057971016	0.8548387096774194
0.036231884057971016	0.8548387096774194
0.036231884057971016	0.8548387096774194
0.036231884057971016	0.8548387096774194
0.036231884057971016	0.8548387096774194
0.036231884057971016	0.8602150537634409
0.036231884057971016	0.8602150537634409
0.036231884057971016	0.8602150537634409
0.036231884057971016	0.8602150537634409
0.036231884057971016	0.8602150537634409
0.036231884057971016	0.8602150537634409
0.036231884057971016	0.8602150537634409
0.036231884057971016	0.8602150537634409
0.036231884057971016	0.8602150537634409
0.036231884057971016	0.8602150537634409
0.036231884057971016	0.8602150537634409
0.036231884057971016	0.8602150537634409
0.036231884057971016	0.8602150537634409
0.036231884057971016	0.8602150537634409
0.036231884057971016	0.8602150537634409
0.036231884057971016	0.8602150537634409
0.036231884057971016	0.8602150537634409
0.036231884057971016	0.8602150537634409
0.036231884057971016	0.8602150537634409
0.036231884057971016	0.8602150537634409
0.036231884057971016	0.8602150537634409
0.036231884057971016	0.8602150537634409
0.036231884057971016	0.8602150537634409
0.036231884057971016	0.8602150537634409
0.036231884057971016	0.8602150537634409
0.036231884057971016	0.8602150537634409
0.036231884057971016	0.8602150537634409
0.036231884057971016	0.8602150537634409
0.036231884057971016	0.8602150537634409
0.03985507246376811	0.8602150537634409
0.03985507246376811	0.8602150537634409
0.03985507246376811	0.8602150537634409
0.03985507246376811	0.8602150537634409
0.03985507246376811	0.8602150537634409
0.03985507246376811	0.8602150537634409
0.03985507246376811	0.8602150537634409
0.03985507246376811	0.8602150537634409
0.03985507246376811	0.8602150537634409
0.03985507246376811	0.8602150537634409
0.03985507246376811	0.8655913978494624
0.03985507246376811	0.8655913978494624
0.03985507246376811	0.8709677419354839
0.03985507246376811	0.8763440860215054
0.03985507246376811	0.8763440860215054
0.03985507246376811	0.8763440860215054
0.03985507246376811	0.8763440860215054
0.03985507246376811	0.8763440860215054
0.03985507246376811	0.8763440860215054
0.03985507246376811	0.8763440860215054
0.03985507246376811	0.8763440860215054
0.03985507246376811	0.8763440860215054
0.03985507246376811	0.8763440860215054
0.03985507246376811	0.8763440860215054
0.03985507246376811	0.8763440860215054
0.03985507246376811	0.8763440860215054
0.03985507246376811	0.8763440860215054
0.03985507246376811	0.8763440860215054
0.03985507246376811	0.8763440860215054
0.03985507246376811	0.8763440860215054
0.03985507246376811	0.8763440860215054
0.03985507246376811	0.8763440860215054
0.03985507246376811	0.8763440860215054
0.03985507246376811	0.8763440860215054
0.03985507246376811	0.8763440860215054
0.03985507246376811	0.8763440860215054
0.03985507246376811	0.8763440860215054
0.03985507246376811	0.8763440860215054
0.03985507246376811	0.8763440860215054
0.03985507246376811	0.8763440860215054
0.03985507246376811	0.8763440860215054
0.03985507246376811	0.8817204301075269
0.03985507246376811	0.8817204301075269
0.03985507246376811	0.8817204301075269
0.03985507246376811	0.8817204301075269
0.03985507246376811	0.8817204301075269
0.03985507246376811	0.8817204301075269
0.03985507246376811	0.8817204301075269
0.03985507246376811	0.8817204301075269
0.03985507246376811	0.8870967741935484
0.03985507246376811	0.8870967741935484
0.03985507246376811	0.8870967741935484
0.03985507246376811	0.8870967741935484
0.03985507246376811	0.8870967741935484
0.03985507246376811	0.8870967741935484
0.03985507246376811	0.8870967741935484
0.03985507246376811	0.8870967741935484
0.03985507246376811	0.8870967741935484
0.03985507246376811	0.8870967741935484
0.03985507246376811	0.8870967741935484
0.03985507246376811	0.8870967741935484
0.03985507246376811	0.8870967741935484
0.03985507246376811	0.8870967741935484
0.03985507246376811	0.8870967741935484
0.03985507246376811	0.8870967741935484
0.03985507246376811	0.8870967741935484
0.03985507246376811	0.8870967741935484
0.03985507246376811	0.8870967741935484
0.03985507246376811	0.8870967741935484
0.03985507246376811	0.8870967741935484
0.03985507246376811	0.8870967741935484
0.03985507246376811	0.8870967741935484
0.03985507246376811	0.8870967741935484
0.03985507246376811	0.8870967741935484
0.03985507246376811	0.8870967741935484
0.03985507246376811	0.8870967741935484
0.03985507246376811	0.8870967741935484
0.03985507246376811	0.8924731182795699
0.03985507246376811	0.8924731182795699
0.03985507246376811	0.8924731182795699
0.03985507246376811	0.8924731182795699
0.03985507246376811	0.8924731182795699
0.03985507246376811	0.8924731182795699
0.03985507246376811	0.8924731182795699
0.03985507246376811	0.8924731182795699
0.03985507246376811	0.8924731182795699
0.03985507246376811	0.8924731182795699
0.03985507246376811	0.8924731182795699
0.03985507246376811	0.8924731182795699
0.03985507246376811	0.8924731182795699
0.03985507246376811	0.8924731182795699
0.043478260869565216	0.8924731182795699
0.043478260869565216	0.8978494623655914
0.043478260869565216	0.8978494623655914
0.043478260869565216	0.8978494623655914
0.043478260869565216	0.8978494623655914
0.043478260869565216	0.8978494623655914
0.043478260869565216	0.8978494623655914
0.043478260869565216	0.8978494623655914
0.043478260869565216	0.8978494623655914
0.043478260869565216	0.9032258064516129
0.043478260869565216	0.9032258064516129
0.043478260869565216	0.9032258064516129
0.043478260869565216	0.9032258064516129
0.043478260869565216	0.9032258064516129
0.043478260869565216	0.9086021505376344
0.043478260869565216	0.9086021505376344
0.043478260869565216	0.9086021505376344
0.043478260869565216	0.9086021505376344
0.043478260869565216	0.9086021505376344
0.043478260869565216	0.9086021505376344
0.043478260869565216	0.9086021505376344
0.043478260869565216	0.9086021505376344
0.043478260869565216	0.9086021505376344
0.043478260869565216	0.9139784946236559
0.043478260869565216	0.9139784946236559
0.043478260869565216	0.9139784946236559
0.043478260869565216	0.9139784946236559
0.043478260869565216	0.9139784946236559
0.043478260869565216	0.9139784946236559
0.043478260869565216	0.9193548387096774
0.043478260869565216	0.9193548387096774
0.043478260869565216	0.9193548387096774
0.043478260869565216	0.9193548387096774
0.043478260869565216	0.9193548387096774
0.043478260869565216	0.9193548387096774
0.043478260869565216	0.9193548387096774
0.043478260869565216	0.9193548387096774
0.043478260869565216	0.9193548387096774
0.043478260869565216	0.9193548387096774
0.043478260869565216	0.9193548387096774
0.043478260869565216	0.9193548387096774
0.043478260869565216	0.9193548387096774
0.043478260869565216	0.9193548387096774
0.04710144927536232	0.9247311827956989
0.04710144927536232	0.9247311827956989
0.04710144927536232	0.9247311827956989
0.04710144927536232	0.9301075268817204
0.050724637681159424	0.9301075268817204
0.050724637681159424	0.9301075268817204
0.050724637681159424	0.9301075268817204
0.050724637681159424	0.9301075268817204
0.050724637681159424	0.9301075268817204
0.050724637681159424	0.9301075268817204
0.050724637681159424	0.9301075268817204
0.050724637681159424	0.9301075268817204
0.050724637681159424	0.9301075268817204
0.050724637681159424	0.9301075268817204
0.050724637681159424	0.9301075268817204
0.050724637681159424	0.9301075268817204
0.050724637681159424	0.9301075268817204
0.050724637681159424	0.9301075268817204
0.050724637681159424	0.9301075268817204
0.050724637681159424	0.9301075268817204
0.050724637681159424	0.9301075268817204
0.050724637681159424	0.9301075268817204
0.050724637681159424	0.9301075268817204
0.050724637681159424	0.9301075268817204
0.050724637681159424	0.9301075268817204
0.050724637681159424	0.9301075268817204
0.050724637681159424	0.9301075268817204
0.050724637681159424	0.9301075268817204
0.050724637681159424	0.9301075268817204
0.050724637681159424	0.9301075268817204
0.050724637681159424	0.9301075268817204
0.050724637681159424	0.9301075268817204
0.050724637681159424	0.9301075268817204
0.05434782608695652	0.9301075268817204
0.05434782608695652	0.9301075268817204
0.05434782608695652	0.9301075268817204
0.05434782608695652	0.9301075268817204
0.05434782608695652	0.9301075268817204
0.05434782608695652	0.9301075268817204
0.05434782608695652	0.9301075268817204
0.05434782608695652	0.9301075268817204
0.05434782608695652	0.9301075268817204
0.05434782608695652	0.9301075268817204
0.05434782608695652	0.9301075268817204
0.05434782608695652	0.9301075268817204
0.05434782608695652	0.9301075268817204
0.05434782608695652	0.9301075268817204
0.05434782608695652	0.9301075268817204
0.05434782608695652	0.9301075268817204
0.05434782608695652	0.9301075268817204
0.05434782608695652	0.9301075268817204
0.05434782608695652	0.9301075268817204
0.05434782608695652	0.9301075268817204
0.05434782608695652	0.9301075268817204
0.05434782608695652	0.9301075268817204
0.05434782608695652	0.9301075268817204
0.05434782608695652	0.9301075268817204
0.05434782608695652	0.9301075268817204
0.05434782608695652	0.9301075268817204
0.05434782608695652	0.9301075268817204
0.05434782608695652	0.9301075268817204
0.05434782608695652	0.9301075268817204
0.05434782608695652	0.9301075268817204
0.05434782608695652	0.9301075268817204
0.05434782608695652	0.9301075268817204
0.05434782608695652	0.9301075268817204
0.05434782608695652	0.9301075268817204
0.05434782608695652	0.9301075268817204
0.05434782608695652	0.9301075268817204
0.05434782608695652	0.9301075268817204
0.05434782608695652	0.9301075268817204
0.05434782608695652	0.9301075268817204
0.05434782608695652	0.9301075268817204
0.05434782608695652	0.9301075268817204
0.05434782608695652	0.9301075268817204
0.05434782608695652	0.9301075268817204
0.05434782608695652	0.9354838709677419
0.05434782608695652	0.9354838709677419
0.05434782608695652	0.9408602150537635
0.05434782608695652	0.9408602150537635
0.05434782608695652	0.9408602150537635
0.05434782608695652	0.9408602150537635
0.05434782608695652	0.9408602150537635
0.05434782608695652	0.9408602150537635
0.05434782608695652	0.9408602150537635
0.05434782608695652	0.9408602150537635
0.05434782608695652	0.9408602150537635
0.05434782608695652	0.9408602150537635
0.05434782608695652	0.9408602150537635
0.05434782608695652	0.9408602150537635
0.05434782608695652	0.9408602150537635
0.05434782608695652	0.9408602150537635
0.05434782608695652	0.9408602150537635
0.05434782608695652	0.9408602150537635
0.05434782608695652	0.9408602150537635
0.05434782608695652	0.9408602150537635
0.05434782608695652	0.9408602150537635
0.05434782608695652	0.9408602150537635
0.057971014492753624	0.946236559139785
0.057971014492753624	0.946236559139785
0.057971014492753624	0.946236559139785
0.057971014492753624	0.946236559139785
0.057971014492753624	0.946236559139785
0.057971014492753624	0.946236559139785
0.057971014492753624	0.9516129032258065
0.057971014492753624	0.9516129032258065
0.057971014492753624	0.9516129032258065
0.057971014492753624	0.9516129032258065
0.057971014492753624	0.9516129032258065
0.057971014492753624	0.9516129032258065
0.057971014492753624	0.9516129032258065
0.057971014492753624	0.9516129032258065
0.057971014492753624	0.9516129032258065
0.057971014492753624	0.9516129032258065
0.057971014492753624	0.9516129032258065
0.057971014492753624	0.9516129032258065
0.057971014492753624	0.9516129032258065
0.057971014492753624	0.9516129032258065
0.057971014492753624	0.9516129032258065
0.057971014492753624	0.9516129032258065
0.057971014492753624	0.9516129032258065
0.057971014492753624	0.9516129032258065
0.057971014492753624	0.9516129032258065
0.057971014492753624	0.9516129032258065
0.057971014492753624	0.9516129032258065
0.057971014492753624	0.9516129032258065
0.057971014492753624	0.9516129032258065
0.057971014492753624	0.9516129032258065
0.057971014492753624	0.9516129032258065
0.057971014492753624	0.9516129032258065
0.057971014492753624	0.9516129032258065
0.057971014492753624	0.9516129032258065
0.057971014492753624	0.9516129032258065
0.057971014492753624	0.9516129032258065
0.057971014492753624	0.9516129032258065
0.057971014492753624	0.9516129032258065
0.057971014492753624	0.9516129032258065
0.057971014492753624	0.9516129032258065
0.057971014492753624	0.9516129032258065
0.057971014492753624	0.956989247311828
0.057971014492753624	0.956989247311828
0.057971014492753624	0.956989247311828
0.057971014492753624	0.956989247311828
0.057971014492753624	0.956989247311828
0.057971014492753624	0.956989247311828
0.057971014492753624	0.956989247311828
0.057971014492753624	0.956989247311828
0.057971014492753624	0.956989247311828
0.057971014492753624	0.956989247311828
0.057971014492753624	0.956989247311828
0.057971014492753624	0.956989247311828
0.057971014492753624	0.956989247311828
0.057971014492753624	0.956989247311828
0.057971014492753624	0.956989247311828
0.057971014492753624	0.956989247311828
0.057971014492753624	0.956989247311828
0.057971014492753624	0.956989247311828
0.057971014492753624	0.956989247311828
0.057971014492753624	0.956989247311828
0.057971014492753624	0.956989247311828
0.06159420289855073	0.956989247311828
0.06159420289855073	0.956989247311828
0.06521739130434782	0.956989247311828
0.06521739130434782	0.956989247311828
0.06521739130434782	0.956989247311828
0.06521739130434782	0.956989247311828
0.06521739130434782	0.956989247311828
0.06521739130434782	0.956989247311828
0.06521739130434782	0.956989247311828
0.06521739130434782	0.956989247311828
0.06521739130434782	0.956989247311828
0.06521739130434782	0.956989247311828
0.06521739130434782	0.956989247311828
0.06521739130434782	0.956989247311828
0.06521739130434782	0.956989247311828
0.06521739130434782	0.956989247311828
0.06521739130434782	0.956989247311828
0.06521739130434782	0.956989247311828
0.06521739130434782	0.956989247311828
0.06521739130434782	0.956989247311828
0.06521739130434782	0.956989247311828
0.06521739130434782	0.956989247311828
0.06521739130434782	0.956989247311828
0.06521739130434782	0.956989247311828
0.06521739130434782	0.956989247311828
0.06521739130434782	0.956989247311828
0.06521739130434782	0.956989247311828
0.06521739130434782	0.956989247311828
0.06521739130434782	0.956989247311828
0.06521739130434782	0.956989247311828
0.06521739130434782	0.956989247311828
0.06884057971014493	0.956989247311828
0.06884057971014493	0.956989247311828
0.06884057971014493	0.956989247311828
0.06884057971014493	0.956989247311828
0.06884057971014493	0.956989247311828
0.06884057971014493	0.956989247311828
0.06884057971014493	0.956989247311828
0.06884057971014493	0.956989247311828
0.06884057971014493	0.956989247311828
0.06884057971014493	0.956989247311828
0.06884057971014493	0.956989247311828
0.06884057971014493	0.956989247311828
0.06884057971014493	0.956989247311828
0.06884057971014493	0.956989247311828
0.06884057971014493	0.956989247311828
0.06884057971014493	0.956989247311828
0.06884057971014493	0.956989247311828
0.06884057971014493	0.956989247311828
0.06884057971014493	0.956989247311828
0.06884057971014493	0.956989247311828
0.06884057971014493	0.956989247311828
0.06884057971014493	0.956989247311828
0.06884057971014493	0.956989247311828
0.06884057971014493	0.956989247311828
0.06884057971014493	0.956989247311828
0.06884057971014493	0.956989247311828
0.06884057971014493	0.956989247311828
0.06884057971014493	0.956989247311828
0.06884057971014493	0.956989247311828
0.06884057971014493	0.956989247311828
0.06884057971014493	0.956989247311828
0.06884057971014493	0.956989247311828
0.06884057971014493	0.956989247311828
0.06884057971014493	0.956989247311828
0.06884057971014493	0.956989247311828
0.06884057971014493	0.956989247311828
0.06884057971014493	0.956989247311828
0.07246376811594203	0.956989247311828
0.07246376811594203	0.956989247311828
0.07246376811594203	0.956989247311828
0.07246376811594203	0.956989247311828
0.07246376811594203	0.956989247311828
0.07246376811594203	0.956989247311828
0.07246376811594203	0.956989247311828
0.07246376811594203	0.956989247311828
0.07246376811594203	0.956989247311828
0.07246376811594203	0.956989247311828
0.07246376811594203	0.956989247311828
0.07246376811594203	0.956989247311828
0.07246376811594203	0.956989247311828
0.07608695652173914	0.956989247311828
0.07608695652173914	0.956989247311828
0.07608695652173914	0.956989247311828
0.07608695652173914	0.956989247311828
0.07608695652173914	0.956989247311828
0.07608695652173914	0.956989247311828
0.07608695652173914	0.956989247311828
0.07608695652173914	0.956989247311828
0.07608695652173914	0.956989247311828
0.07608695652173914	0.956989247311828
0.07971014492753623	0.956989247311828
0.07971014492753623	0.956989247311828
0.07971014492753623	0.956989247311828
0.07971014492753623	0.956989247311828
0.07971014492753623	0.956989247311828
0.08333333333333333	0.956989247311828
0.08333333333333333	0.956989247311828
0.08333333333333333	0.956989247311828
0.08333333333333333	0.956989247311828
0.08333333333333333	0.956989247311828
0.08333333333333333	0.956989247311828
0.08333333333333333	0.956989247311828
0.08333333333333333	0.956989247311828
0.08333333333333333	0.956989247311828
0.08333333333333333	0.956989247311828
0.08333333333333333	0.956989247311828
0.08695652173913043	0.956989247311828
0.08695652173913043	0.956989247311828
0.08695652173913043	0.956989247311828
0.08695652173913043	0.956989247311828
0.08695652173913043	0.956989247311828
0.08695652173913043	0.956989247311828
0.08695652173913043	0.956989247311828
0.08695652173913043	0.956989247311828
0.08695652173913043	0.956989247311828
0.08695652173913043	0.956989247311828
0.08695652173913043	0.956989247311828
0.08695652173913043	0.956989247311828
0.08695652173913043	0.956989247311828
0.08695652173913043	0.956989247311828
0.08695652173913043	0.956989247311828
0.08695652173913043	0.956989247311828
0.08695652173913043	0.956989247311828
0.08695652173913043	0.956989247311828
0.08695652173913043	0.956989247311828
0.08695652173913043	0.956989247311828
0.08695652173913043	0.956989247311828
0.08695652173913043	0.956989247311828
0.08695652173913043	0.956989247311828
0.08695652173913043	0.956989247311828
0.08695652173913043	0.956989247311828
0.08695652173913043	0.956989247311828
0.08695652173913043	0.956989247311828
0.08695652173913043	0.956989247311828
0.08695652173913043	0.956989247311828
0.08695652173913043	0.956989247311828
0.08695652173913043	0.956989247311828
0.09057971014492754	0.956989247311828
0.09057971014492754	0.956989247311828
0.09057971014492754	0.956989247311828
0.09057971014492754	0.956989247311828
0.09057971014492754	0.956989247311828
0.09057971014492754	0.956989247311828
0.09057971014492754	0.956989247311828
0.09420289855072464	0.956989247311828
0.09420289855072464	0.956989247311828
0.09420289855072464	0.956989247311828
0.09420289855072464	0.956989247311828
0.09420289855072464	0.956989247311828
0.09420289855072464	0.956989247311828
0.09420289855072464	0.956989247311828
0.09420289855072464	0.956989247311828
0.09420289855072464	0.956989247311828
0.09420289855072464	0.956989247311828
0.09420289855072464	0.956989247311828
0.09420289855072464	0.956989247311828
0.09420289855072464	0.956989247311828
0.09420289855072464	0.956989247311828
0.09420289855072464	0.956989247311828
0.09420289855072464	0.956989247311828
0.09420289855072464	0.956989247311828
0.09420289855072464	0.956989247311828
0.09420289855072464	0.956989247311828
0.09420289855072464	0.956989247311828
0.09420289855072464	0.956989247311828
0.09420289855072464	0.956989247311828
0.09420289855072464	0.956989247311828
0.09420289855072464	0.956989247311828
0.09420289855072464	0.956989247311828
0.09420289855072464	0.956989247311828
0.09420289855072464	0.956989247311828
0.09420289855072464	0.956989247311828
0.09420289855072464	0.956989247311828
0.09420289855072464	0.956989247311828
0.09420289855072464	0.956989247311828
0.09420289855072464	0.956989247311828
0.09420289855072464	0.956989247311828
0.09420289855072464	0.956989247311828
0.09420289855072464	0.956989247311828
0.09420289855072464	0.956989247311828
0.09420289855072464	0.956989247311828
0.09420289855072464	0.956989247311828
0.09420289855072464	0.956989247311828
0.09420289855072464	0.956989247311828
0.09420289855072464	0.956989247311828
0.09420289855072464	0.956989247311828
0.09420289855072464	0.956989247311828
0.09420289855072464	0.956989247311828
0.09420289855072464	0.956989247311828
0.09420289855072464	0.956989247311828
0.09420289855072464	0.956989247311828
0.09782608695652174	0.956989247311828
0.09782608695652174	0.956989247311828
0.09782608695652174	0.956989247311828
0.09782608695652174	0.956989247311828
0.09782608695652174	0.956989247311828
0.09782608695652174	0.956989247311828
0.09782608695652174	0.956989247311828
0.09782608695652174	0.956989247311828
0.09782608695652174	0.956989247311828
0.09782608695652174	0.956989247311828
0.09782608695652174	0.956989247311828
0.09782608695652174	0.956989247311828
0.09782608695652174	0.956989247311828
0.09782608695652174	0.956989247311828
0.09782608695652174	0.956989247311828
0.09782608695652174	0.956989247311828
0.09782608695652174	0.956989247311828
0.09782608695652174	0.956989247311828
0.09782608695652174	0.956989247311828
0.09782608695652174	0.956989247311828
0.09782608695652174	0.956989247311828
0.09782608695652174	0.956989247311828
0.09782608695652174	0.956989247311828
0.09782608695652174	0.956989247311828
0.09782608695652174	0.956989247311828
0.09782608695652174	0.956989247311828
0.09782608695652174	0.956989247311828
0.09782608695652174	0.956989247311828
0.10144927536231885	0.956989247311828
0.10144927536231885	0.956989247311828
0.10144927536231885	0.956989247311828
0.10144927536231885	0.956989247311828
0.10144927536231885	0.956989247311828
0.10144927536231885	0.956989247311828
0.10144927536231885	0.956989247311828
0.10144927536231885	0.956989247311828
0.10507246376811594	0.956989247311828
0.10507246376811594	0.956989247311828
0.10507246376811594	0.956989247311828
0.10507246376811594	0.956989247311828
0.10869565217391304	0.956989247311828
0.10869565217391304	0.956989247311828
0.10869565217391304	0.956989247311828
0.10869565217391304	0.956989247311828
0.10869565217391304	0.956989247311828
0.10869565217391304	0.956989247311828
0.10869565217391304	0.956989247311828
0.10869565217391304	0.956989247311828
0.10869565217391304	0.956989247311828
0.10869565217391304	0.956989247311828
0.10869565217391304	0.956989247311828
0.10869565217391304	0.956989247311828
0.10869565217391304	0.956989247311828
0.10869565217391304	0.956989247311828
0.10869565217391304	0.956989247311828
0.10869565217391304	0.956989247311828
0.10869565217391304	0.956989247311828
0.10869565217391304	0.956989247311828
0.10869565217391304	0.956989247311828
0.10869565217391304	0.956989247311828
0.10869565217391304	0.956989247311828
0.10869565217391304	0.956989247311828
0.10869565217391304	0.956989247311828
0.10869565217391304	0.956989247311828
0.10869565217391304	0.956989247311828
0.10869565217391304	0.956989247311828
0.10869565217391304	0.956989247311828
0.11231884057971014	0.956989247311828
0.11231884057971014	0.956989247311828
0.11231884057971014	0.956989247311828
0.11231884057971014	0.956989247311828
0.11231884057971014	0.956989247311828
0.11231884057971014	0.956989247311828
0.11231884057971014	0.956989247311828
0.11231884057971014	0.956989247311828
0.11231884057971014	0.956989247311828
0.11231884057971014	0.956989247311828
0.11231884057971014	0.956989247311828
0.11231884057971014	0.956989247311828
0.11231884057971014	0.956989247311828
0.11231884057971014	0.956989247311828
0.11231884057971014	0.956989247311828
0.11231884057971014	0.956989247311828
0.11231884057971014	0.956989247311828
0.11231884057971014	0.956989247311828
0.11231884057971014	0.956989247311828
0.11231884057971014	0.956989247311828
0.11231884057971014	0.956989247311828
0.11231884057971014	0.956989247311828
0.11231884057971014	0.956989247311828
0.11231884057971014	0.956989247311828
0.11231884057971014	0.956989247311828
0.11231884057971014	0.956989247311828
0.11231884057971014	0.956989247311828
0.11231884057971014	0.956989247311828
0.11231884057971014	0.956989247311828
0.11231884057971014	0.956989247311828
0.11231884057971014	0.956989247311828
0.11231884057971014	0.956989247311828
0.11231884057971014	0.956989247311828
0.11231884057971014	0.956989247311828
0.11231884057971014	0.956989247311828
0.11231884057971014	0.956989247311828
0.11231884057971014	0.956989247311828
0.11231884057971014	0.956989247311828
0.11231884057971014	0.956989247311828
0.11231884057971014	0.956989247311828
0.11594202898550725	0.956989247311828
0.11594202898550725	0.956989247311828
0.11594202898550725	0.956989247311828
0.11594202898550725	0.956989247311828
0.11594202898550725	0.956989247311828
0.11956521739130435	0.956989247311828
0.11956521739130435	0.956989247311828
0.11956521739130435	0.956989247311828
0.11956521739130435	0.956989247311828
0.11956521739130435	0.956989247311828
0.11956521739130435	0.956989247311828
0.11956521739130435	0.956989247311828
0.11956521739130435	0.956989247311828
0.11956521739130435	0.956989247311828
0.11956521739130435	0.956989247311828
0.11956521739130435	0.956989247311828
0.11956521739130435	0.956989247311828
0.11956521739130435	0.956989247311828
0.11956521739130435	0.956989247311828
0.11956521739130435	0.956989247311828
0.11956521739130435	0.956989247311828
0.11956521739130435	0.956989247311828
0.12318840579710146	0.956989247311828
0.12318840579710146	0.956989247311828
0.12318840579710146	0.956989247311828
0.12318840579710146	0.956989247311828
0.12318840579710146	0.956989247311828
0.12681159420289856	0.956989247311828
0.13043478260869565	0.956989247311828
0.13043478260869565	0.956989247311828
0.13043478260869565	0.956989247311828
0.13043478260869565	0.956989247311828
0.13043478260869565	0.956989247311828
0.13043478260869565	0.956989247311828
0.13043478260869565	0.956989247311828
0.13043478260869565	0.956989247311828
0.13043478260869565	0.956989247311828
0.13043478260869565	0.956989247311828
0.13043478260869565	0.956989247311828
0.13043478260869565	0.956989247311828
0.13043478260869565	0.956989247311828
0.13043478260869565	0.956989247311828
0.13043478260869565	0.956989247311828
0.13405797101449277	0.956989247311828
0.13405797101449277	0.956989247311828
0.13405797101449277	0.956989247311828
0.13405797101449277	0.956989247311828
0.13405797101449277	0.956989247311828
0.13405797101449277	0.956989247311828
0.13405797101449277	0.956989247311828
0.13768115942028986	0.956989247311828
0.13768115942028986	0.956989247311828
0.13768115942028986	0.956989247311828
0.13768115942028986	0.956989247311828
0.13768115942028986	0.956989247311828
0.13768115942028986	0.956989247311828
0.14130434782608695	0.956989247311828
0.14130434782608695	0.956989247311828
0.14130434782608695	0.956989247311828
0.14130434782608695	0.956989247311828
0.14130434782608695	0.956989247311828
0.14130434782608695	0.956989247311828
0.14492753623188406	0.956989247311828
0.14492753623188406	0.956989247311828
0.14492753623188406	0.956989247311828
0.14492753623188406	0.956989247311828
0.14492753623188406	0.956989247311828
0.14492753623188406	0.956989247311828
0.14492753623188406	0.956989247311828
0.14492753623188406	0.956989247311828
0.14492753623188406	0.956989247311828
0.14492753623188406	0.956989247311828
0.14492753623188406	0.956989247311828
0.14492753623188406	0.956989247311828
0.14492753623188406	0.956989247311828
0.14492753623188406	0.956989247311828
0.14855072463768115	0.956989247311828
0.14855072463768115	0.956989247311828
0.14855072463768115	0.956989247311828
0.14855072463768115	0.956989247311828
0.14855072463768115	0.956989247311828
0.14855072463768115	0.956989247311828
0.14855072463768115	0.956989247311828
0.14855072463768115	0.956989247311828
0.14855072463768115	0.956989247311828
0.14855072463768115	0.956989247311828
0.14855072463768115	0.956989247311828
0.14855072463768115	0.956989247311828
0.14855072463768115	0.956989247311828
0.14855072463768115	0.956989247311828
0.14855072463768115	0.956989247311828
0.14855072463768115	0.956989247311828
0.14855072463768115	0.956989247311828
0.14855072463768115	0.956989247311828
0.14855072463768115	0.956989247311828
0.14855072463768115	0.956989247311828
0.14855072463768115	0.956989247311828
0.14855072463768115	0.956989247311828
0.14855072463768115	0.956989247311828
0.14855072463768115	0.956989247311828
0.14855072463768115	0.956989247311828
0.14855072463768115	0.956989247311828
0.14855072463768115	0.956989247311828
0.14855072463768115	0.956989247311828
0.14855072463768115	0.956989247311828
0.14855072463768115	0.956989247311828
0.14855072463768115	0.956989247311828
0.14855072463768115	0.956989247311828
0.14855072463768115	0.9623655913978495
0.14855072463768115	0.9623655913978495
0.14855072463768115	0.9623655913978495
0.15217391304347827	0.9623655913978495
0.15217391304347827	0.9623655913978495
0.15217391304347827	0.9623655913978495
0.15217391304347827	0.9623655913978495
0.15217391304347827	0.9623655913978495
0.15579710144927536	0.9623655913978495
0.15579710144927536	0.9623655913978495
0.15579710144927536	0.9623655913978495
0.15579710144927536	0.9623655913978495
0.15579710144927536	0.9623655913978495
0.15579710144927536	0.9623655913978495
0.15579710144927536	0.9623655913978495
0.15579710144927536	0.9623655913978495
0.15579710144927536	0.9623655913978495
0.15579710144927536	0.9623655913978495
0.15579710144927536	0.9623655913978495
0.15579710144927536	0.9623655913978495
0.15942028985507245	0.9623655913978495
0.16304347826086957	0.9623655913978495
0.16304347826086957	0.9623655913978495
0.16304347826086957	0.9623655913978495
0.16304347826086957	0.967741935483871
0.16304347826086957	0.967741935483871
0.16304347826086957	0.967741935483871
0.16304347826086957	0.967741935483871
0.16304347826086957	0.967741935483871
0.16304347826086957	0.967741935483871
0.16304347826086957	0.967741935483871
0.16304347826086957	0.967741935483871
0.16304347826086957	0.967741935483871
0.16304347826086957	0.967741935483871
0.16304347826086957	0.967741935483871
0.16304347826086957	0.967741935483871
0.16304347826086957	0.967741935483871
0.16304347826086957	0.967741935483871
0.16666666666666666	0.967741935483871
0.16666666666666666	0.967741935483871
0.16666666666666666	0.967741935483871
0.16666666666666666	0.967741935483871
0.16666666666666666	0.967741935483871
0.16666666666666666	0.967741935483871
0.16666666666666666	0.967741935483871
0.17028985507246377	0.967741935483871
0.17028985507246377	0.967741935483871
0.17391304347826086	0.967741935483871
0.17391304347826086	0.967741935483871
0.17753623188405798	0.967741935483871
0.18115942028985507	0.967741935483871
0.18478260869565216	0.967741935483871
0.19202898550724637	0.967741935483871
0.19927536231884058	0.967741935483871
0.2028985507246377	0.967741935483871
0.23550724637681159	0.967741935483871
0.2391304347826087	0.967741935483871
0.2391304347826087	0.967741935483871
0.2391304347826087	0.967741935483871
0.2391304347826087	0.967741935483871
0.2391304347826087	0.967741935483871
0.2427536231884058	0.967741935483871
0.2427536231884058	0.967741935483871
0.2463768115942029	0.967741935483871
0.2463768115942029	0.967741935483871
0.2463768115942029	0.967741935483871
0.2463768115942029	0.967741935483871
0.2463768115942029	0.967741935483871
0.2463768115942029	0.967741935483871
0.2463768115942029	0.967741935483871
0.25	0.967741935483871
0.25	0.967741935483871
0.25	0.967741935483871
0.25	0.967741935483871
0.2536231884057971	0.967741935483871
0.2536231884057971	0.967741935483871
0.2536231884057971	0.967741935483871
0.2536231884057971	0.967741935483871
0.2536231884057971	0.967741935483871
0.2536231884057971	0.967741935483871
0.2536231884057971	0.967741935483871
0.2536231884057971	0.967741935483871
0.2536231884057971	0.967741935483871
0.2536231884057971	0.967741935483871
0.2536231884057971	0.967741935483871
0.2572463768115942	0.967741935483871
0.2572463768115942	0.967741935483871
0.2572463768115942	0.967741935483871
0.2572463768115942	0.967741935483871
0.2572463768115942	0.967741935483871
0.2572463768115942	0.967741935483871
0.2572463768115942	0.967741935483871
0.2572463768115942	0.967741935483871
0.2572463768115942	0.967741935483871
0.2572463768115942	0.967741935483871
0.2572463768115942	0.967741935483871
0.2572463768115942	0.967741935483871
0.2572463768115942	0.967741935483871
0.2608695652173913	0.967741935483871
0.2608695652173913	0.967741935483871
0.2608695652173913	0.967741935483871
0.2608695652173913	0.967741935483871
0.2608695652173913	0.967741935483871
0.2608695652173913	0.967741935483871
0.2608695652173913	0.967741935483871
0.2608695652173913	0.967741935483871
0.2608695652173913	0.967741935483871
0.2608695652173913	0.967741935483871
0.2608695652173913	0.967741935483871
0.2608695652173913	0.967741935483871
0.2608695652173913	0.967741935483871
0.2608695652173913	0.967741935483871
0.2608695652173913	0.967741935483871
0.2608695652173913	0.967741935483871
0.2608695652173913	0.967741935483871
0.2608695652173913	0.967741935483871
0.2644927536231884	0.967741935483871
0.2644927536231884	0.967741935483871
0.2644927536231884	0.967741935483871
0.2644927536231884	0.967741935483871
0.2644927536231884	0.967741935483871
0.2644927536231884	0.967741935483871
0.2644927536231884	0.967741935483871
0.2644927536231884	0.967741935483871
0.2644927536231884	0.967741935483871
0.2644927536231884	0.967741935483871
0.26811594202898553	0.967741935483871
0.26811594202898553	0.967741935483871
0.26811594202898553	0.967741935483871
0.26811594202898553	0.967741935483871
0.26811594202898553	0.967741935483871
0.26811594202898553	0.967741935483871
0.26811594202898553	0.967741935483871
0.26811594202898553	0.967741935483871
0.2753623188405797	0.967741935483871
0.27898550724637683	0.967741935483871
0.27898550724637683	0.967741935483871
0.27898550724637683	0.967741935483871
0.2826086956521739	0.967741935483871
0.2826086956521739	0.967741935483871
0.2898550724637681	0.9731182795698925
0.29347826086956524	0.978494623655914
0.29347826086956524	0.978494623655914
0.29347826086956524	0.978494623655914
0.29347826086956524	0.978494623655914
0.29347826086956524	0.978494623655914
0.29347826086956524	0.978494623655914
0.29347826086956524	0.978494623655914
0.29347826086956524	0.978494623655914
0.29347826086956524	0.978494623655914
0.29347826086956524	0.978494623655914
0.29347826086956524	0.978494623655914
0.29347826086956524	0.978494623655914
0.29347826086956524	0.978494623655914
0.29347826086956524	0.978494623655914
0.29347826086956524	0.978494623655914
0.29347826086956524	0.978494623655914
0.29347826086956524	0.978494623655914
0.29347826086956524	0.978494623655914
0.3007246376811594	0.978494623655914
0.30434782608695654	0.978494623655914
0.30434782608695654	0.978494623655914
0.30434782608695654	0.978494623655914
0.30434782608695654	0.978494623655914
0.30434782608695654	0.9838709677419355
0.30434782608695654	0.9838709677419355
0.3079710144927536	0.9838709677419355
0.3079710144927536	0.9838709677419355
0.3079710144927536	0.9838709677419355
0.3079710144927536	0.9838709677419355
0.3079710144927536	0.9838709677419355
0.3079710144927536	0.9838709677419355
0.3079710144927536	0.9838709677419355
0.3079710144927536	0.9838709677419355
0.3079710144927536	0.9838709677419355
0.3079710144927536	0.9838709677419355
0.3079710144927536	0.9838709677419355
0.3079710144927536	0.9838709677419355
0.3079710144927536	0.9838709677419355
0.3079710144927536	0.9838709677419355
0.3079710144927536	0.9838709677419355
0.3079710144927536	0.9838709677419355
0.3079710144927536	0.9838709677419355
0.3115942028985507	0.9838709677419355
0.3115942028985507	0.9838709677419355
0.3115942028985507	0.9838709677419355
0.3115942028985507	0.9838709677419355
0.3115942028985507	0.9838709677419355
0.3115942028985507	0.9838709677419355
0.3115942028985507	0.9838709677419355
0.3115942028985507	0.9838709677419355
0.3115942028985507	0.9838709677419355
0.3115942028985507	0.9838709677419355
0.3115942028985507	0.9838709677419355
0.3188405797101449	0.9838709677419355
0.3188405797101449	0.9838709677419355
0.3188405797101449	0.9838709677419355
0.3188405797101449	0.9838709677419355
0.3188405797101449	0.9838709677419355
0.3188405797101449	0.9838709677419355
0.3188405797101449	0.9838709677419355
0.3188405797101449	0.9838709677419355
0.3188405797101449	0.9838709677419355
0.3188405797101449	0.9838709677419355
0.3188405797101449	0.9838709677419355
0.3188405797101449	0.9838709677419355
0.3188405797101449	0.9838709677419355
0.3188405797101449	0.9838709677419355
0.3188405797101449	0.9838709677419355
0.3188405797101449	0.9838709677419355
0.3188405797101449	0.9838709677419355
0.3188405797101449	0.9838709677419355
0.322463768115942	0.9838709677419355
0.322463768115942	0.9838709677419355
0.32608695652173914	0.9838709677419355
0.32971014492753625	0.9838709677419355
0.32971014492753625	0.9838709677419355
0.32971014492753625	0.9838709677419355
0.32971014492753625	0.9838709677419355
0.32971014492753625	0.9838709677419355
0.32971014492753625	0.9838709677419355
0.3333333333333333	0.9838709677419355
0.3333333333333333	0.9838709677419355
0.3333333333333333	0.9838709677419355
0.3333333333333333	0.9838709677419355
0.3333333333333333	0.9838709677419355
0.3333333333333333	0.9838709677419355
0.3333333333333333	0.9838709677419355
0.33695652173913043	0.9838709677419355
0.34057971014492755	0.9838709677419355
0.34057971014492755	0.9838709677419355
0.34057971014492755	0.9838709677419355
0.34057971014492755	0.9838709677419355
0.34057971014492755	0.9838709677419355
0.34057971014492755	0.9838709677419355
0.34057971014492755	0.9838709677419355
0.34057971014492755	0.9838709677419355
0.34057971014492755	0.9838709677419355
0.34057971014492755	0.9838709677419355
0.3442028985507246	0.9838709677419355
0.3442028985507246	0.9838709677419355
0.3442028985507246	0.9838709677419355
0.3442028985507246	0.9838709677419355
0.34782608695652173	0.9838709677419355
0.34782608695652173	0.9838709677419355
0.34782608695652173	0.9838709677419355
0.34782608695652173	0.9838709677419355
0.34782608695652173	0.9838709677419355
0.34782608695652173	0.9838709677419355
0.34782608695652173	0.9838709677419355
0.34782608695652173	0.9838709677419355
0.34782608695652173	0.9838709677419355
0.34782608695652173	0.9838709677419355
0.34782608695652173	0.9838709677419355
0.34782608695652173	0.9838709677419355
0.34782608695652173	0.9838709677419355
0.34782608695652173	0.9838709677419355
0.34782608695652173	0.9838709677419355
0.34782608695652173	0.9838709677419355
0.35144927536231885	0.9838709677419355
0.35144927536231885	0.9838709677419355
0.35144927536231885	0.9838709677419355
0.35144927536231885	0.9838709677419355
0.35144927536231885	0.989247311827957
0.35144927536231885	0.989247311827957
0.35144927536231885	0.989247311827957
0.35144927536231885	0.989247311827957
0.35144927536231885	0.989247311827957
0.35144927536231885	0.989247311827957
0.35144927536231885	0.989247311827957
0.35144927536231885	0.989247311827957
0.35144927536231885	0.989247311827957
0.35144927536231885	0.989247311827957
0.35144927536231885	0.989247311827957
0.35507246376811596	0.989247311827957
0.35507246376811596	0.989247311827957
0.35507246376811596	0.989247311827957
0.35507246376811596	0.989247311827957
0.35507246376811596	0.989247311827957
0.35507246376811596	0.989247311827957
0.358695652173913	0.989247311827957
0.358695652173913	0.989247311827957
0.358695652173913	0.989247311827957
0.358695652173913	0.989247311827957
0.358695652173913	0.989247311827957
0.358695652173913	0.989247311827957
0.358695652173913	0.989247311827957
0.358695652173913	0.989247311827957
0.358695652173913	0.989247311827957
0.358695652173913	0.989247311827957
0.358695652173913	0.989247311827957
0.358695652173913	0.989247311827957
0.36231884057971014	0.989247311827957
0.36594202898550726	0.989247311827957
0.3695652173913043	0.989247311827957
0.3695652173913043	0.989247311827957
0.37318840579710144	0.989247311827957
0.37318840579710144	0.989247311827957
0.37318840579710144	0.989247311827957
0.37318840579710144	0.989247311827957
0.37681159420289856	0.989247311827957
0.37681159420289856	0.989247311827957
0.37681159420289856	0.989247311827957
0.3804347826086957	0.989247311827957
0.3804347826086957	0.989247311827957
0.3804347826086957	0.989247311827957
0.3804347826086957	0.989247311827957
0.3804347826086957	0.989247311827957
0.3804347826086957	0.989247311827957
0.38405797101449274	0.989247311827957
0.38768115942028986	0.989247311827957
0.391304347826087	0.989247311827957
0.391304347826087	0.989247311827957
0.39855072463768115	0.989247311827957
0.39855072463768115	0.989247311827957
0.39855072463768115	0.989247311827957
0.39855072463768115	0.989247311827957
0.40217391304347827	0.989247311827957
0.40217391304347827	0.989247311827957
0.4057971014492754	0.989247311827957
0.4057971014492754	0.989247311827957
0.4057971014492754	0.989247311827957
0.4057971014492754	0.989247311827957
0.4057971014492754	0.989247311827957
0.4057971014492754	0.989247311827957
0.4057971014492754	0.989247311827957
0.4057971014492754	0.989247311827957
0.40942028985507245	0.989247311827957
0.40942028985507245	0.989247311827957
0.40942028985507245	0.989247311827957
0.40942028985507245	0.989247311827957
0.4166666666666667	0.989247311827957
0.4166666666666667	0.989247311827957
0.42028985507246375	0.989247311827957
0.42028985507246375	0.989247311827957
0.42028985507246375	0.989247311827957
0.42028985507246375	0.989247311827957
0.42391304347826086	0.989247311827957
0.427536231884058	0.989247311827957
0.427536231884058	0.989247311827957
0.4311594202898551	0.989247311827957
0.43478260869565216	0.989247311827957
0.43478260869565216	0.989247311827957
0.43478260869565216	0.989247311827957
0.4384057971014493	0.989247311827957
0.4420289855072464	0.989247311827957
0.4420289855072464	0.989247311827957
0.4420289855072464	0.989247311827957
0.4420289855072464	0.989247311827957
0.44565217391304346	0.989247311827957
0.4492753623188406	0.989247311827957
0.4528985507246377	0.989247311827957
0.4528985507246377	0.989247311827957
0.4528985507246377	0.989247311827957
0.4601449275362319	0.989247311827957
0.4601449275362319	0.989247311827957
0.463768115942029	0.989247311827957
0.463768115942029	0.989247311827957
0.4673913043478261	0.989247311827957
0.4673913043478261	0.989247311827957
0.4673913043478261	0.989247311827957
0.4673913043478261	0.9946236559139785
0.47101449275362317	0.9946236559139785
0.47101449275362317	0.9946236559139785
0.4746376811594203	0.9946236559139785
0.4746376811594203	0.9946236559139785
0.4782608695652174	0.9946236559139785
0.4782608695652174	0.9946236559139785
0.4782608695652174	0.9946236559139785
0.4782608695652174	0.9946236559139785
0.4782608695652174	0.9946236559139785
0.48188405797101447	0.9946236559139785
0.48188405797101447	0.9946236559139785
0.4891304347826087	0.9946236559139785
0.4891304347826087	0.9946236559139785
0.4891304347826087	0.9946236559139785
0.4891304347826087	0.9946236559139785
0.4891304347826087	0.9946236559139785
0.4891304347826087	0.9946236559139785
0.4891304347826087	0.9946236559139785
0.4891304347826087	0.9946236559139785
0.5036231884057971	0.9946236559139785
0.5108695652173914	0.9946236559139785
0.5108695652173914	0.9946236559139785
0.5144927536231884	0.9946236559139785
0.5217391304347826	0.9946236559139785
0.5217391304347826	0.9946236559139785
0.5253623188405797	0.9946236559139785
0.5253623188405797	0.9946236559139785
0.5253623188405797	0.9946236559139785
0.5289855072463768	0.9946236559139785
0.5289855072463768	0.9946236559139785
0.532608695652174	0.9946236559139785
0.532608695652174	0.9946236559139785
0.5362318840579711	0.9946236559139785
0.5362318840579711	0.9946236559139785
0.5507246376811594	0.9946236559139785
0.5507246376811594	0.9946236559139785
0.5543478260869565	0.9946236559139785
0.5543478260869565	0.9946236559139785
0.5543478260869565	0.9946236559139785
0.5543478260869565	1.0
0.5615942028985508	1.0
0.5615942028985508	1.0
0.5652173913043478	1.0
0.5652173913043478	1.0
0.5688405797101449	1.0
0.5688405797101449	1.0
0.5760869565217391	1.0
0.5833333333333334	1.0
0.5833333333333334	1.0
0.5833333333333334	1.0
0.5869565217391305	1.0
0.5905797101449275	1.0
0.5942028985507246	1.0
0.5942028985507246	1.0
0.6014492753623188	1.0
0.6123188405797102	1.0
0.6231884057971014	1.0
0.6304347826086957	1.0
0.6340579710144928	1.0
0.6376811594202898	1.0
0.644927536231884	1.0
0.644927536231884	1.0
0.644927536231884	1.0
0.6594202898550725	1.0
0.6702898550724637	1.0
0.6811594202898551	1.0
0.6847826086956522	1.0
0.6884057971014492	1.0
0.7065217391304348	1.0
0.7391304347826086	1.0
0.967391304347826	1.0
