0.0	0.0
0.0	0.0
0.0	0.0
0.0	0.0
0.0	0.0
0.0	0.0
0.0	0.0
0.0	0.010752688172043012
0.0	0.016129032258064516
0.0	0.021505376344086023
0.0	0.03225806451612903
0.0	0.05913978494623656
0.0	0.08064516129032258
0.0	0.1774193548387097
0.010869565217391304	0.24193548387096775
0.018115942028985508	0.3709677419354839
0.018115942028985508	0.489247311827957
0.021739130434782608	0.5698924731182796
0.036231884057971016	0.7043010752688172
0.050724637681159424	0.8118279569892473
0.07971014492753623	0.8924731182795699
0.16666666666666666	0.9408602150537635
0.32608695652173914	0.9731182795698925
0.5652173913043478	0.989247311827957
0.7028985507246377	0.9946236559139785
0.8260869565217391	1.0
0.8985507246376812	1.0
0.967391304347826	1.0
0.9891304347826086	1.0
0.9891304347826086	1.0
1.0	1.0
1.0	1.0
1.0	1.0
1.0	1.0
1.0	1.0
1.0	1.0
1.0	1.0
1.0	1.0
1.0	1.0
1.0	1.0
1.0	1.0
1.0	1.0
1.0	1.0
1.0	1.0
1.0	1.0
