0.0	0.0
0.0	0.0
0.0	0.0
0.0	0.0
0.0	0.0
0.0	0.0
0.0	0.0
0.0	0.0
0.0	0.0
0.0	0.0
0.0	0.0
0.0	0.0
0.0	0.0
0.0	0.0
0.0	0.0
0.0	0.0
0.0	0.0
0.0	0.0
0.0	0.0
0.0	0.0
0.0	0.0
0.0	0.0
0.0	0.0
0.0	0.0
0.0	0.0
0.0	0.0
0.0	0.0
0.0	0.0
0.0	0.0
0.0	0.0
0.0	0.0
0.0	0.0
0.0	0.0
0.0	0.0
0.0	0.0
0.0	0.0
0.0	0.0
0.0	0.0
0.0	0.0
0.0	0.0
0.0	0.0
0.0	0.0
0.0	0.0
0.0	0.0
0.0	0.0
0.0	0.0
0.0	0.0
0.0	0.0
0.0	0.0
0.0	0.0
0.0	0.0
0.0	0.0
0.0	0.0
0.0	0.0
0.0	0.0
0.0	0.0
0.0	0.0
0.0	0.0
0.0	0.0
0.0	0.0
0.0	0.0
0.0	0.0
0.0	0.0
0.0	0.0
0.0	0.0
0.0	0.0
0.0	0.0
0.0	0.0
0.0	0.0
0.0	0.0
0.0	0.0
0.0	0.0
0.0	0.0
0.0	0.0
0.0	0.0
0.0	0.0
0.0	0.0
0.0	0.0
0.0	0.0
0.0	0.0
0.0	0.0
0.0	0.0
0.0	0.0
0.0	0.0
0.0	0.0
0.0	0.0
0.0	0.0
0.0	0.0
0.0	0.0
0.0	0.0
0.0	0.0
0.0	0.0
0.0	0.0
0.0	0.0
0.0	0.0
0.0	0.0
0.0	0.0
0.0	0.0
0.0	0.0
0.0	0.0
0.0	0.0
0.0	0.0
0.0	0.0
0.0	0.0
0.0	0.0
0.0	0.0
0.0	0.0
0.0	0.0
0.0	0.0
0.0	0.0
0.0	0.0
0.0	0.0
0.0	0.0
0.0	0.0
0.0	0.0
0.0	0.0
0.0	0.0
0.0	0.0
0.0	0.0
0.0	0.0
0.0	0.0
0.0	0.0
0.0	0.0
0.0	0.0
0.0	0.0
0.0	0.0
0.0	0.0
0.0	0.0
0.0	0.0
0.0	0.0
0.0	0.0
0.0	0.0
0.0	0.0
0.0	0.0
0.0	0.0
0.0	0.0
0.0	0.0
0.0	0.0
0.0	0.0
0.0	0.0
0.0	0.0
0.0	0.0
0.0	0.0
0.0	0.0
0.0	0.0
0.0	0.0
0.0	0.0
0.0	0.0
0.0	0.0
0.0	0.0
0.0	0.0
0.0	0.0
0.0	0.0
0.0	0.0
0.0	0.0
0.0	0.0
0.0	0.0
0.0	0.0
0.0	0.0
0.0	0.0
0.0	0.0
0.0	0.0
0.0	0.0
0.0	0.0
0.0	0.0
0.0	0.0
0.0	0.0
0.0	0.0
0.0	0.0
0.0	0.0
0.0	0.0
0.0	0.0
0.0	0.0
0.0	0.0
0.0	0.0
0.0	0.0
0.0	0.0
0.0	0.0
0.0	0.0
0.0	0.0
0.0	0.0
0.0	0.0
0.0	0.0
0.0	0.0
0.0	0.0
0.0	0.0
0.0	0.0
0.0	0.0
0.0	0.0
0.0	0.0
0.0	0.0
0.0	0.0
0.0	0.0
0.0	0.0
0.0	0.0
0.0	0.0
0.0	0.0
0.0	0.0
0.0	0.0
0.0	0.0
0.0	0.0
0.0	0.0
0.0	0.0
0.0	0.0
0.0	0.0
0.0	0.0
0.0	0.0
0.0	0.0
0.0	0.0
0.0	0.0
0.0	0.0
0.0	0.0
0.0	0.0
0.0	0.0
0.0	0.0
0.0	0.0
0.0	0.0
0.0	0.0
0.0	0.0
0.0	0.0
0.0	0.0
0.0	0.0
0.0	0.0
0.0	0.0
0.0	0.0
0.0	0.0
0.0	0.0
0.0	0.0
0.0	0.0
0.0	0.0
0.0	0.0
0.0	0.0
0.0	0.0
0.0	0.0
0.0	0.0
0.0	0.0
0.0	0.0
0.0	0.0
0.0	0.0
0.0	0.0
0.0	0.0
0.0	0.0
0.0	0.0
0.0	0.0
0.0	0.0
0.0	0.0
0.0	0.0
0.0	0.0
0.0	0.0
0.0	0.0
0.0036231884057971015	0.0
0.0036231884057971015	0.0
0.0036231884057971015	0.0
0.0036231884057971015	0.0
0.0036231884057971015	0.0
0.0036231884057971015	0.0
0.0036231884057971015	0.0
0.0036231884057971015	0.0
0.0036231884057971015	0.0
0.0036231884057971015	0.0
0.0036231884057971015	0.0
0.0036231884057971015	0.0
0.0036231884057971015	0.0
0.0036231884057971015	0.0
0.0036231884057971015	0.0
0.0036231884057971015	0.0
0.0036231884057971015	0.0
0.0036231884057971015	0.0
0.0036231884057971015	0.0
0.0036231884057971015	0.0
0.0036231884057971015	0.0
0.0036231884057971015	0.0
0.0036231884057971015	0.0
0.0036231884057971015	0.0
0.0036231884057971015	0.0
0.0036231884057971015	0.0
0.0036231884057971015	0.0
0.0036231884057971015	0.0
0.0036231884057971015	0.005376344086021506
0.007246376811594203	0.005376344086021506
0.007246376811594203	0.005376344086021506
0.007246376811594203	0.010752688172043012
0.007246376811594203	0.010752688172043012
0.007246376811594203	0.016129032258064516
0.007246376811594203	0.016129032258064516
0.007246376811594203	0.016129032258064516
0.010869565217391304	0.016129032258064516
0.010869565217391304	0.016129032258064516
0.014492753623188406	0.03225806451612903
0.018115942028985508	0.08602150537634409
0.018115942028985508	0.15591397849462366
0.018115942028985508	0.20967741935483872
0.018115942028985508	0.2849462365591398
0.021739130434782608	0.3978494623655914
0.025362318840579712	0.478494623655914
0.03985507246376811	0.553763440860215
0.06159420289855073	0.6182795698924731
0.07246376811594203	0.7043010752688172
0.08695652173913043	0.7849462365591398
0.13405797101449277	0.8494623655913979
0.18840579710144928	0.8870967741935484
0.25	0.946236559139785
0.36594202898550726	0.9516129032258065
0.5579710144927537	0.9838709677419355
0.6920289855072463	0.9946236559139785
0.7572463768115942	0.9946236559139785
0.8115942028985508	0.9946236559139785
0.8478260869565217	0.9946236559139785
0.8731884057971014	0.9946236559139785
0.8840579710144928	1.0
0.9166666666666666	1.0
0.9347826086956522	1.0
0.9420289855072463	1.0
0.9565217391304348	1.0
0.9601449275362319	1.0
0.967391304347826	1.0
0.967391304347826	1.0
0.9782608695652174	1.0
0.9855072463768116	1.0
0.9855072463768116	1.0
0.9855072463768116	1.0
0.9855072463768116	1.0
0.9855072463768116	1.0
0.9855072463768116	1.0
0.9855072463768116	1.0
0.9891304347826086	1.0
0.9927536231884058	1.0
0.9927536231884058	1.0
0.9927536231884058	1.0
0.9927536231884058	1.0
0.9927536231884058	1.0
0.9927536231884058	1.0
0.9927536231884058	1.0
0.9963768115942029	1.0
0.9963768115942029	1.0
0.9963768115942029	1.0
1.0	1.0
1.0	1.0
1.0	1.0
1.0	1.0
1.0	1.0
1.0	1.0
1.0	1.0
1.0	1.0
1.0	1.0
1.0	1.0
1.0	1.0
1.0	1.0
1.0	1.0
1.0	1.0
1.0	1.0
1.0	1.0
1.0	1.0
1.0	1.0
1.0	1.0
1.0	1.0
1.0	1.0
1.0	1.0
1.0	1.0
1.0	1.0
1.0	1.0
1.0	1.0
1.0	1.0
1.0	1.0
1.0	1.0
1.0	1.0
1.0	1.0
1.0	1.0
1.0	1.0
1.0	1.0
1.0	1.0
1.0	1.0
1.0	1.0
1.0	1.0
1.0	1.0
1.0	1.0
1.0	1.0
1.0	1.0
1.0	1.0
1.0	1.0
1.0	1.0
1.0	1.0
1.0	1.0
1.0	1.0
1.0	1.0
1.0	1.0
1.0	1.0
1.0	1.0
1.0	1.0
1.0	1.0
1.0	1.0
1.0	1.0
1.0	1.0
1.0	1.0
1.0	1.0
1.0	1.0
1.0	1.0
1.0	1.0
1.0	1.0
1.0	1.0
1.0	1.0
1.0	1.0
1.0	1.0
1.0	1.0
1.0	1.0
1.0	1.0
1.0	1.0
1.0	1.0
1.0	1.0
1.0	1.0
1.0	1.0
1.0	1.0
1.0	1.0
1.0	1.0
1.0	1.0
1.0	1.0
1.0	1.0
1.0	1.0
1.0	1.0
1.0	1.0
1.0	1.0
1.0	1.0
1.0	1.0
1.0	1.0
1.0	1.0
1.0	1.0
1.0	1.0
1.0	1.0
1.0	1.0
1.0	1.0
1.0	1.0
1.0	1.0
1.0	1.0
1.0	1.0
1.0	1.0
1.0	1.0
1.0	1.0
1.0	1.0
1.0	1.0
1.0	1.0
1.0	1.0
1.0	1.0
1.0	1.0
1.0	1.0
1.0	1.0
1.0	1.0
1.0	1.0
1.0	1.0
1.0	1.0
1.0	1.0
1.0	1.0
1.0	1.0
1.0	1.0
1.0	1.0
1.0	1.0
1.0	1.0
1.0	1.0
1.0	1.0
1.0	1.0
1.0	1.0
1.0	1.0
1.0	1.0
1.0	1.0
1.0	1.0
1.0	1.0
1.0	1.0
1.0	1.0
1.0	1.0
1.0	1.0
1.0	1.0
1.0	1.0
1.0	1.0
1.0	1.0
1.0	1.0
1.0	1.0
1.0	1.0
1.0	1.0
1.0	1.0
1.0	1.0
1.0	1.0
1.0	1.0
1.0	1.0
1.0	1.0
1.0	1.0
1.0	1.0
1.0	1.0
1.0	1.0
1.0	1.0
1.0	1.0
1.0	1.0
1.0	1.0
1.0	1.0
1.0	1.0
1.0	1.0
1.0	1.0
1.0	1.0
1.0	1.0
1.0	1.0
1.0	1.0
1.0	1.0
